-2.500000000000000000e+01 -2.241159729879087536e+03
-2.489979959919839558e+01 -2.298242380041697288e+03
-2.479959919839679472e+01 -1.797246354224667812e+03
-2.469939879759519030e+01 -2.171467376826674808e+03
-2.459919839679358589e+01 -2.142611768647820099e+03
-2.449899799599198502e+01 -1.976820582789046284e+03
-2.439879759519038060e+01 -2.104431095268685112e+03
-2.429859719438877619e+01 -1.937594532124918942e+03
-2.419839679358717532e+01 -2.020708920516414537e+03
-2.409819639278557091e+01 -2.911936778755908563e+03
-2.399799599198396649e+01 -1.536509662659292189e+03
-2.389779559118236563e+01 -1.841832810536443731e+03
-2.379759519038076121e+01 -1.854258415948441097e+03
-2.369739478957915679e+01 -1.722340669474839842e+03
-2.359719438877755593e+01 -1.395555256892595480e+03
-2.349699398797595151e+01 -2.205235306293051508e+03
-2.339679358717434710e+01 -1.913424242245647292e+03
-2.329659318637274623e+01 -1.563462853853951628e+03
-2.319639278557114181e+01 -1.848191213896476938e+03
-2.309619238476953740e+01 -1.711633110871161989e+03
-2.299599198396793653e+01 -1.742889384908584361e+03
-2.289579158316633212e+01 -2.151244703099569051e+03
-2.279559118236473125e+01 -1.756816452924806526e+03
-2.269539078156312684e+01 -1.790153656623327379e+03
-2.259519038076152242e+01 -1.455139222814550749e+03
-2.249498997995991800e+01 -1.934265946156725477e+03
-2.239478957915831714e+01 -1.567604291026993906e+03
-2.229458917835671272e+01 -1.612595769402511223e+03
-2.219438877755511186e+01 -1.548837968062298160e+03
-2.209418837675350744e+01 -1.805682942974554408e+03
-2.199398797595190302e+01 -1.543581326212211707e+03
-2.189378757515029861e+01 -1.587616486345408248e+03
-2.179358717434869774e+01 -1.514213675633275898e+03
-2.169338677354709333e+01 -1.208475621408233337e+03
-2.159318637274549246e+01 -1.237267724930075019e+03
-2.149298597194388805e+01 -1.778589551402876850e+03
-2.139278557114228363e+01 -1.664133199921118376e+03
-2.129258517034068277e+01 -1.955746538909311312e+03
-2.119238476953907835e+01 -1.222861873940776604e+03
-2.109218436873747393e+01 -1.336030957146969058e+03
-2.099198396793587307e+01 -1.050801344947361031e+03
-2.089178356713426865e+01 -1.200347305134462886e+03
-2.079158316633266423e+01 -1.083755888102211429e+03
-2.069138276553105982e+01 -1.556682762938619362e+03
-2.059118236472945895e+01 -7.526109839393253651e+02
-2.049098196392785454e+01 -1.163131383725716432e+03
-2.039078156312625367e+01 -1.044250246933690960e+03
-2.029058116232464926e+01 -9.607323620271504296e+02
-2.019038076152304484e+01 -1.129927914079558150e+03
-2.009018036072144398e+01 -1.135450296840278497e+03
-1.998997995991983956e+01 -9.714694343969426882e+02
-1.988977955911823514e+01 -1.249437700196045853e+03
-1.978957915831663428e+01 -1.391119748752546002e+03
-1.968937875751502986e+01 -9.081446827609061074e+02
-1.958917835671342544e+01 -1.176861008605832694e+03
-1.948897795591182458e+01 -8.784572690583136136e+02
-1.938877755511022016e+01 -6.820673907926108086e+02
-1.928857715430861575e+01 -5.162977269469813564e+02
-1.918837675350701488e+01 -9.758966761507050478e+02
-1.908817635270541047e+01 -1.217113426829696436e+03
-1.898797595190380605e+01 -9.366270561885056622e+02
-1.888777555110220518e+01 -8.487310453668354739e+02
-1.878757515030060077e+01 -1.014896121392323380e+03
-1.868737474949899990e+01 -8.255572586355624480e+02
-1.858717434869739549e+01 -6.152788096020877902e+02
-1.848697394789579107e+01 -1.055892447353084663e+03
-1.838677354709418665e+01 -1.243347911424835502e+03
-1.828657314629258579e+01 -6.742172655144765940e+02
-1.818637274549098137e+01 -1.634236596013436383e+03
-1.808617234468938051e+01 -8.867367725284238986e+02
-1.798597194388777609e+01 -8.081165859731536329e+02
-1.788577154308617168e+01 -7.060109870559500678e+02
-1.778557114228456726e+01 -8.772998440925937302e+02
-1.768537074148296639e+01 -6.267851130907439483e+02
-1.758517034068136198e+01 -1.078958550769926660e+03
-1.748496993987976111e+01 -1.175058508178344027e+03
-1.738476953907815670e+01 -7.496540798022637091e+02
-1.728456913827655228e+01 -3.739919316665407791e+02
-1.718436873747494786e+01 -3.032037744791359728e+02
-1.708416833667334700e+01 -7.855584739363255267e+02
-1.698396793587174258e+01 -5.226081635643702157e+02
-1.688376753507014172e+01 -5.613687419271045655e+02
-1.678356713426853730e+01 4.498335856662195056e+02
-1.668336673346693289e+01 -4.047820556387251827e+02
-1.658316633266532847e+01 -5.674717694224699471e+02
-1.648296593186372760e+01 -3.282450700980370470e+02
-1.638276553106212319e+01 -4.934714390733936966e+02
-1.628256513026052232e+01 -4.991514728549061033e+02
-1.618236472945891791e+01 -5.037062121499222940e+02
-1.608216432865731349e+01 -3.562329933369434229e+02
-1.598196392785571085e+01 -5.635403271109460093e+02
-1.588176352705410821e+01 -5.128754293694098578e+02
-1.578156312625250557e+01 -4.202878740952600083e+02
-1.568136272545090115e+01 -3.681017607572655379e+02
-1.558116232464929851e+01 -3.618554826556504622e+02
-1.548096192384769587e+01 -4.471406456575647326e+02
-1.538076152304609145e+01 -6.157455030937412630e+02
-1.528056112224448881e+01 -3.335299664179757997e+02
-1.518036072144288617e+01 -3.592897550706725269e+02
-1.508016032064128176e+01 -5.229417823521498576e+02
-1.497995991983967912e+01 -5.584069197428635789e+02
-1.487975951903807648e+01 -6.472360283682554609e+02
-1.477955911823647206e+01 -3.159538011241112372e+02
-1.467935871743486942e+01 -4.326319394006123957e+02
-1.457915831663326678e+01 -6.444594605910560858e+02
-1.447895791583166236e+01 -7.922509797417149002e+02
-1.437875751503005972e+01 -2.418325942468991059e+02
-1.427855711422845708e+01 -4.168440926114581089e+02
-1.417835671342685266e+01 -2.526292981973479925e+02
-1.407815631262525002e+01 -4.894225025294223883e+02
-1.397795591182364738e+01 -3.521926637227564925e+02
-1.387775551102204297e+01 -5.276861061612460162e+02
-1.377755511022044033e+01 -4.706748197888315417e+02
-1.367735470941883769e+01 -2.229150604314504278e+02
-1.357715430861723327e+01 -1.591187257760414013e+02
-1.347695390781563063e+01 -4.457264757730330302e+02
-1.337675350701402799e+01 -2.400709544045618031e+02
-1.327655310621242535e+01 -3.521762129831382140e+02
-1.317635270541082093e+01 2.011818745223856695e+02
-1.307615230460921829e+01 -4.929070153547605742e+02
-1.297595190380761565e+01 -2.230014188016895673e+02
-1.287575150300601123e+01 -3.283087637599251707e+02
-1.277555110220440859e+01 -5.496104368185885960e+02
-1.267535070140280595e+01 -4.193101335934978238e+02
-1.257515030060120154e+01 1.584434571393238684e+02
-1.247494989979959890e+01 1.326300592160590099e+02
-1.237474949899799626e+01 -1.796594391404477165e+01
-1.227454909819639184e+01 -2.307548914355719774e+02
-1.217434869739478920e+01 -4.621573161127773233e+01
-1.207414829659318656e+01 5.230872811590523952e+01
-1.197394789579158214e+01 -4.604644891975993914e+02
-1.187374749498997950e+01 -3.014776441895507446e+02
-1.177354709418837686e+01 1.433686630112426315e+02
-1.167334669338677244e+01 -1.136709200999445386e+02
-1.157314629258516980e+01 -9.775636169201442272e+01
-1.147294589178356716e+01 -2.445093515095801422e+02
-1.137274549098196275e+01 1.088223567749149083e+02
-1.127254509018036011e+01 -4.684108113054044225e+02
-1.117234468937875747e+01 2.269752526547375737e+01
-1.107214428857715305e+01 3.402973935956878222e+02
-1.097194388777555041e+01 6.069620710811676645e+01
-1.087174348697394777e+01 5.099745457860673241e+02
-1.077154308617234513e+01 -3.509264628388134497e+02
-1.067134268537074071e+01 -4.082146420212187650e+02
-1.057114228456913807e+01 -4.008125327095521016e+02
-1.047094188376753543e+01 -8.328982022175850375e+01
-1.037074148296593101e+01 -1.714099845725821751e+02
-1.027054108216432837e+01 -6.002296881796789307e+01
-1.017034068136272573e+01 -2.013484878248061136e+02
-1.007014028056112132e+01 2.651500650235331591e+01
-9.969939879759518675e+00 -6.991943558028623329e+00
-9.869739478957916035e+00 -1.931036031447617916e+02
-9.769539078156311618e+00 1.982409301752602460e+02
-9.669338677354708977e+00 -4.351293584154780092e+02
-9.569138276553106337e+00 -3.933663918971277553e+02
-9.468937875751501920e+00 -2.030461019647671890e+02
-9.368737474949899280e+00 1.300834960149340702e+01
-9.268537074148296639e+00 -1.987387754745174107e+02
-9.168336673346692223e+00 -8.453941445040939584e+00
-9.068136272545089582e+00 -4.697442927157810573e+02
-8.967935871743485166e+00 5.763920775027034438e+01
-8.867735470941884302e+00 -3.325463662050146922e+02
-8.767535070140279885e+00 -3.203835341535141197e+02
-8.667334669338675468e+00 4.811606279385756579e+02
-8.567134268537074604e+00 -7.504360570317163592e+01
-8.466933867735470187e+00 -3.623991404252241466e+01
-8.366733466933865770e+00 -4.495280421961076058e+02
-8.266533066132264906e+00 8.094017174197145437e+01
-8.166332665330660490e+00 -5.350291008892023683e+02
-8.066132264529056073e+00 7.977093555936400548e+01
-7.965931863727455209e+00 -1.826102918364371703e+02
-7.865731462925850792e+00 3.094978275921155841e+02
-7.765531062124246375e+00 -7.313141035349954677e+01
-7.665330661322645511e+00 -1.642723503097228104e+02
-7.565130260521041095e+00 -7.633657388728852311e+01
-7.464929859719436678e+00 -4.840182305684510879e+02
-7.364729458917835814e+00 -8.333981246349071625e+01
-7.264529058116231397e+00 -8.992875774989002480e+01
-7.164328657314626980e+00 -2.285346764236805939e+02
-7.064128256513026116e+00 -2.470023286261289286e+02
-6.963927855711421699e+00 3.618086668755305482e+02
-6.863727454909820835e+00 1.923676102345137622e+02
-6.763527054108216419e+00 -2.805145353864357958e+02
-6.663326653306612002e+00 -2.018154749319253085e+02
-6.563126252505011138e+00 -1.338522018436003975e+02
-6.462925851703406721e+00 7.294803686320001646e+00
-6.362725450901802304e+00 1.746181800664959951e+02
-6.262525050100201440e+00 -7.995429223034790311e+00
-6.162324649298597024e+00 1.492160665230618406e+02
-6.062124248496992607e+00 -7.571584072864308723e+01
-5.961923847695391743e+00 1.029357755729772919e+02
-5.861723446893787326e+00 -4.552283929016732600e+01
-5.761523046092182909e+00 1.340645113303295943e+02
-5.661322645290582045e+00 1.900848290469130006e+02
-5.561122244488977628e+00 -8.662031626647224414e+01
-5.460921843687373212e+00 -1.194609688137176988e+02
-5.360721442885772348e+00 -1.207703540708677394e+02
-5.260521042084167931e+00 -4.652626723208624071e+01
-5.160320641282563514e+00 -4.294688280027062319e+02
-5.060120240480962650e+00 -1.192341153569476404e+02
-4.959919839679358233e+00 8.188339542013796546e+00
-4.859719438877753817e+00 2.839782568513242040e+02
-4.759519038076152952e+00 -1.451063824473021384e+02
-4.659318637274548536e+00 -1.589542299469271995e+02
-4.559118236472944119e+00 -3.329830217503262446e+01
-4.458917835671343255e+00 -1.508937089237502960e+02
-4.358717434869738838e+00 2.206639910037119421e+02
-4.258517034068134421e+00 1.258029970324313354e+02
-4.158316633266533557e+00 1.286741297333439604e+02
-4.058116232464929141e+00 5.530501998229247818e+01
-3.957915831663324724e+00 -1.687538151437492218e+02
-3.857715430861723860e+00 -1.242728045711494076e+02
-3.757515030060119443e+00 -1.007475090282765336e+03
-3.657314629258515026e+00 2.671341000870374387e+02
-3.557114228456914162e+00 -4.644417962556549817e+00
-3.456913827655309746e+00 -4.731756835308579525e+02
-3.356713426853705329e+00 2.150646319411684431e+02
-3.256513026052104465e+00 -7.966428334438725187e+02
-3.156312625250500048e+00 3.083317649445820408e+01
-3.056112224448895631e+00 1.613028351985788618e+02
-2.955911823647294767e+00 6.112519174446068604e+01
-2.855711422845690350e+00 1.296485579472095651e+03
-2.755511022044085934e+00 -4.181713998769079126e+02
-2.655310621242485070e+00 -5.609176314061481605e+01
-2.555110220440880653e+00 -2.059773083352320668e+02
-2.454909819639276236e+00 1.185700121560180804e+02
-2.354709418837675372e+00 1.987131897918864638e+02
-2.254509018036070955e+00 -2.189834213830799570e+02
-2.154308617234466539e+00 8.729958313895515687e+00
-2.054108216432865675e+00 2.138672781161571095e+02
-1.953907815631261258e+00 -6.596931972981428771e+02
-1.853707414829660394e+00 1.673864787586297211e+02
-1.753507014028055977e+00 5.604440987327451218e+00
-1.653306613226451560e+00 5.096642107698342272e+01
-1.553106212424850696e+00 6.188398932430371246e+01
-1.452905811623246279e+00 -2.133530030667532174e+02
-1.352705410821641863e+00 -2.095675520871731976e+02
-1.252505010020040999e+00 -9.501653294584835763e+00
-1.152304609218436582e+00 -1.244893523930338404e+02
-1.052104208416832165e+00 -3.920858349678601940e+02
-9.519038076152313010e-01 -4.116053239278833757e+02
-8.517034068136268843e-01 1.012528564342173354e+01
-7.515030060120224675e-01 5.285808463494975129e+00
-6.513026052104216035e-01 8.150400281616455800e+01
-5.511022044088171867e-01 -1.300230348380961516e+02
-4.509018036072127700e-01 -2.971975751238664287e+01
-3.507014028056119059e-01 1.215807976639772221e+02
-2.505010020040074892e-01 5.893930238492788476e+02
-1.503006012024030724e-01 9.893864358686539617e+01
-5.010020040080220838e-02 1.619265400571201212e+02
5.010020040080220838e-02 1.851872659036285995e+02
1.503006012024066251e-01 -1.373657197923370177e+02
2.505010020040074892e-01 1.545462700171498511e+02
3.507014028056119059e-01 7.585695815273687970e+00
4.509018036072163227e-01 6.421131338816536527e+01
5.511022044088171867e-01 -1.195733854304454979e+02
6.513026052104216035e-01 2.507917041275737091e+01
7.515030060120260202e-01 -2.461881340152821167e+02
8.517034068136268843e-01 -1.548392531261241523e+01
9.519038076152313010e-01 1.818476322669240517e+02
1.052104208416835718e+00 -3.022451835730103085e+02
1.152304609218436582e+00 1.731037688262638952e+01
1.252505010020040999e+00 -6.417084329733086179e+00
1.352705410821645415e+00 -1.696788022713453188e+02
1.452905811623246279e+00 9.446621486783587329e+01
1.553106212424850696e+00 4.368030477597638850e+01
1.653306613226455113e+00 -2.027617625313353358e+02
1.753507014028055977e+00 -1.996221250429130123e+02
1.853707414829660394e+00 -3.210132194553001455e+02
1.953907815631264810e+00 -3.036883625323935121e+02
2.054108216432865675e+00 1.275609256889260053e+02
2.154308617234470091e+00 4.089321450220752041e+01
2.254509018036074508e+00 -3.715808241984411211e+02
2.354709418837675372e+00 -1.384361576550717814e+02
2.454909819639279789e+00 8.956050582659678412e+02
2.555110220440884206e+00 -6.198845713566679194e+01
2.655310621242485070e+00 6.466222479725938683e+02
2.755511022044089486e+00 -4.722738823876202474e+01
2.855711422845693903e+00 2.664805597733717946e+02
2.955911823647294767e+00 -1.089660574375947419e+02
3.056112224448899184e+00 1.655670888942711940e+02
3.156312625250503601e+00 2.437292612224968309e+02
3.256513026052104465e+00 1.202227429325959207e+01
3.356713426853708881e+00 7.415188810190133495e+01
3.456913827655309746e+00 9.216615337764469018e+01
3.557114228456914162e+00 2.796187907789732208e+02
3.657314629258518579e+00 1.135273981558074468e+02
3.757515030060119443e+00 -2.381769733549315617e+02
3.857715430861723860e+00 7.588913366258850601e+02
3.957915831663328277e+00 1.110525869604233549e+02
4.058116232464929141e+00 -1.756627909739037534e+02
4.158316633266533557e+00 -6.665132653526094373e+02
4.258517034068137974e+00 1.838094836281541404e+02
4.358717434869738838e+00 2.386398583209683011e+01
4.458917835671343255e+00 2.323983246640158029e+01
4.559118236472947672e+00 -5.031632487172294788e+01
4.659318637274548536e+00 4.506808877394736612e+01
4.759519038076152952e+00 -1.314499766838650032e+02
4.859719438877757369e+00 -3.460941061071333138e+02
4.959919839679358233e+00 2.903490009523029585e+02
5.060120240480962650e+00 -9.721907269965214482e+01
5.160320641282567067e+00 1.644539258953837191e+02
5.260521042084167931e+00 -3.418530079353790825e+02
5.360721442885772348e+00 -2.818971280182425971e+02
5.460921843687376764e+00 -2.108038183132385655e+02
5.561122244488977628e+00 1.511049315951950689e+00
5.661322645290582045e+00 -3.591798453663164992e+01
5.761523046092186462e+00 -3.594963521088606058e+02
5.861723446893787326e+00 7.263279374070515360e+01
5.961923847695391743e+00 6.969960640847432387e-01
6.062124248496996159e+00 -8.364580992120131953e+00
6.162324649298597024e+00 -2.142151352810315643e+02
6.262525050100201440e+00 -2.706485748453256406e+02
6.362725450901805857e+00 2.908243487939105307e+02
6.462925851703406721e+00 -3.734805779021702676e+01
6.563126252505011138e+00 -4.758347879446780127e+01
6.663326653306615555e+00 -2.372583353174514684e+02
6.763527054108216419e+00 -8.837696820680676524e+00
6.863727454909820835e+00 -1.752464416006089323e+02
6.963927855711425252e+00 -1.258730734364215778e+02
7.064128256513029669e+00 -2.621475180421045934e+02
7.164328657314626980e+00 -2.750035084590672909e+02
7.264529058116231397e+00 1.573583845782813739e+02
7.364729458917835814e+00 -2.902490148756010626e+02
7.464929859719440230e+00 -2.268581121172484814e+02
7.565130260521044647e+00 -1.092687996661188805e+02
7.665330661322649064e+00 -5.303270332651734407e+02
7.765531062124246375e+00 4.579230326774131186e+02
7.865731462925850792e+00 -5.710890285179424382e+02
7.965931863727455209e+00 -3.001932615332872274e+02
8.066132264529059626e+00 6.984289400082404597e+01
8.166332665330664042e+00 -2.643102628696967713e+02
8.266533066132268459e+00 -2.085018997693940150e+02
8.366733466933865770e+00 -3.733186237612166991e+01
8.466933867735470187e+00 -1.743120030904133841e+02
8.567134268537074604e+00 -2.218567002755222006e+02
8.667334669338679021e+00 1.432328898469896785e+02
8.767535070140283437e+00 -1.703108901234166979e+02
8.867735470941887854e+00 1.085559390819192771e+02
8.967935871743485166e+00 8.544426133440670412e+01
9.068136272545089582e+00 1.762335228741332571e+02
9.168336673346693999e+00 -1.062597037018261688e+02
9.268537074148298416e+00 -2.889540697462604726e+02
9.368737474949902833e+00 1.100423776302828287e+02
9.468937875751507249e+00 -2.642501213423162199e+02
9.569138276553104561e+00 -5.215099478172410130e+01
9.669338677354708977e+00 6.136803110171668152e+01
9.769539078156313394e+00 -5.191962444148837363e+01
9.869739478957917811e+00 8.850035754028097301e+01
9.969939879759522228e+00 2.993873316422144626e+02
1.007014028056112664e+01 -1.739533799418135800e+02
1.017034068136272396e+01 1.279333563877273434e+02
1.027054108216432837e+01 -1.199729205511509633e+02
1.037074148296593279e+01 -4.244283270362443545e+02
1.047094188376753721e+01 -8.690729549897829997e+01
1.057114228456914162e+01 -1.761205989916051351e+02
1.067134268537074604e+01 5.281093230971357571e+02
1.077154308617234335e+01 5.015339722100711128e+01
1.087174348697394777e+01 -2.885133168996139830e+02
1.097194388777555218e+01 2.708856022412320499e+02
1.107214428857715660e+01 4.024154904733935041e+02
1.117234468937876102e+01 -2.409183727877352794e+02
1.127254509018035833e+01 -2.668913843137080733e+01
1.137274549098196275e+01 -8.143171414272624986e+01
1.147294589178356716e+01 3.290934679018325824e+02
1.157314629258517158e+01 1.407536522282112230e+02
1.167334669338677600e+01 -1.132232624744552822e+02
1.177354709418838041e+01 -8.210217577294896785e+01
1.187374749498997772e+01 1.623280293379928253e+03
1.197394789579158214e+01 1.078842123344550714e+02
1.207414829659318656e+01 1.953013329874957265e+02
1.217434869739479097e+01 -2.612554122544394204e+02
1.227454909819639539e+01 -2.314583872764275441e+02
1.237474949899799981e+01 9.899900274023052305e+01
1.247494989979959712e+01 -2.821936835533663270e+02
1.257515030060120154e+01 1.760422967712942182e+02
1.267535070140280595e+01 -1.104216043681413311e+02
1.277555110220441037e+01 -2.161094990502616326e+02
1.287575150300601479e+01 2.676816360817332452e+02
1.297595190380761920e+01 -2.496796120120024511e+02
1.307615230460921651e+01 -2.969605622733346877e+02
1.317635270541082093e+01 1.583953630949679336e-01
1.327655310621242535e+01 -1.326052224396589168e+02
1.337675350701402976e+01 -9.052067462507719142e+01
1.347695390781563418e+01 -1.986391069396876787e+02
1.357715430861723860e+01 -4.054762406030267812e+02
1.367735470941883591e+01 -1.556999053644659625e+00
1.377755511022044033e+01 -1.377738005416442775e+02
1.387775551102204474e+01 -4.718135056918195858e+01
1.397795591182364916e+01 7.681081871948576634e+01
1.407815631262525358e+01 5.841778079923157065e+02
1.417835671342685799e+01 -1.186375130101704656e+02
1.427855711422845530e+01 -3.551033661137585682e+02
1.437875751503005972e+01 -1.498050486584276371e+02
1.447895791583166414e+01 -1.321014369104794923e+02
1.457915831663326856e+01 3.614085396753787904e+01
1.467935871743487297e+01 3.093255016769094823e+01
1.477955911823647739e+01 1.210407348388193469e+02
1.487975951903807470e+01 -1.396019936595735089e+01
1.497995991983967912e+01 -8.726137715881911845e+02
1.508016032064128353e+01 2.114285160270575261e+02
1.518036072144288795e+01 1.035620312327628625e+02
1.528056112224449237e+01 1.232945180172030462e+02
1.538076152304609678e+01 7.707022528381577331e+01
1.548096192384769410e+01 3.366303859218604089e+01
1.558116232464929851e+01 2.652959846179539340e+02
1.568136272545090293e+01 1.768872084016801693e+02
1.578156312625250735e+01 2.529182002302879368e+02
1.588176352705411176e+01 1.254059500337821618e+02
1.598196392785571618e+01 3.001311032920001480e+02
1.608216432865731349e+01 -4.588369756946812572e+01
1.618236472945891791e+01 2.464640622738881461e+02
1.628256513026052232e+01 -4.630827390154328782e+01
1.638276553106212674e+01 -7.361694602457703240e+01
1.648296593186373116e+01 -6.014631299879681592e+01
1.658316633266532847e+01 2.664549569435095577e+01
1.668336673346693289e+01 4.362262546641115932e+02
1.678356713426853730e+01 1.526422934670817710e+02
1.688376753507014172e+01 2.568787137619577265e+02
1.698396793587174614e+01 8.733056375802283355e+01
1.708416833667335055e+01 6.062991050378326463e+01
1.718436873747494786e+01 4.469181344362816617e+02
1.728456913827655228e+01 3.683063850700059447e+02
1.738476953907815670e+01 1.071817087613809747e+02
1.748496993987976111e+01 1.803537286898183538e+02
1.758517034068136553e+01 4.479253368001834019e+02
1.768537074148296995e+01 1.629440466742747162e+02
1.778557114228456726e+01 2.792792366169251181e+02
1.788577154308617168e+01 4.501043767222844849e+02
1.798597194388777609e+01 -3.997981001125504008e+01
1.808617234468938051e+01 3.482022104575381150e+02
1.818637274549098493e+01 7.051814250544055085e+01
1.828657314629258934e+01 4.205622140710005965e+02
1.838677354709418665e+01 5.252923047573807480e+02
1.848697394789579107e+01 2.006570888472763272e+02
1.858717434869739549e+01 3.407041743194291143e+02
1.868737474949899990e+01 2.873860668832503507e+02
1.878757515030060432e+01 4.665782512376757154e+02
1.888777555110220874e+01 7.857905574807203948e+02
1.898797595190380605e+01 4.858592397649358077e+02
1.908817635270541047e+01 1.878000379991052000e+02
1.918837675350701488e+01 8.024397341298174524e+02
1.928857715430861930e+01 7.189144279160110500e+02
1.938877755511022372e+01 3.852918427428634232e+02
1.948897795591182813e+01 6.345278543591601874e+02
1.958917835671342544e+01 4.091029626336795104e+02
1.968937875751502986e+01 8.142701913492306858e+02
1.978957915831663428e+01 3.996028262855509752e+02
1.988977955911823869e+01 6.339939002066419107e+02
1.998997995991984311e+01 3.626942984576630238e+02
2.009018036072144753e+01 8.887201010691339889e+02
2.019038076152304484e+01 2.670696603500309720e+02
2.029058116232464926e+01 3.377531187832596970e+03
2.039078156312625367e+01 5.074715766623556874e+02
2.049098196392785809e+01 4.770327044441754083e+02
2.059118236472946251e+01 9.902855271714893206e+02
2.069138276553106692e+01 5.455490760209788732e+02
2.079158316633266423e+01 7.068092315313917879e+02
2.089178356713426865e+01 8.615505838469887294e+02
2.099198396793587307e+01 6.474529822528603518e+02
2.109218436873747748e+01 5.469816419086781707e+02
2.119238476953908190e+01 9.628739984405503947e+02
2.129258517034067921e+01 8.936633513661356574e+02
2.139278557114228363e+01 7.348979740866758448e+02
2.149298597194388805e+01 1.586791832723861262e+02
2.159318637274549246e+01 1.046501261409438939e+03
2.169338677354709688e+01 1.158365627452950775e+03
2.179358717434870130e+01 7.077668915811203760e+02
2.189378757515029861e+01 3.735268313665808364e+02
2.199398797595190302e+01 6.710053686301461084e+02
2.209418837675350744e+01 9.717322742209655644e+02
2.219438877755511186e+01 9.488319987901260220e+02
2.229458917835671627e+01 7.632369133665156369e+02
2.239478957915832069e+01 1.171395891227570473e+03
2.249498997995991800e+01 7.814183544068762330e+02
2.259519038076152242e+01 1.188812888456257269e+03
2.269539078156312684e+01 9.920351633328938306e+02
2.279559118236473125e+01 1.107028364549514208e+03
2.289579158316633567e+01 8.434736694467676443e+02
2.299599198396794009e+01 1.034681491362638781e+03
2.309619238476953740e+01 7.199334061943432062e+02
2.319639278557114181e+01 1.380780052935107051e+03
2.329659318637274623e+01 8.749364785428011828e+02
2.339679358717435065e+01 1.093941706822804235e+03
2.349699398797595506e+01 1.020474774465328210e+03
2.359719438877755948e+01 1.300917039307187679e+03
2.369739478957915679e+01 1.095218051111964542e+03
2.379759519038076121e+01 9.471728208045063866e+02
2.389779559118236563e+01 1.939740767445296115e+02
2.399799599198397004e+01 1.212782717666959797e+03
2.409819639278557446e+01 4.680477674815620048e+02
2.419839679358717888e+01 1.407370899388920407e+03
2.429859719438877619e+01 9.163028355076595517e+02
2.439879759519038060e+01 1.315027921435791541e+03
2.449899799599198502e+01 1.264230394516617480e+03
2.459919839679358944e+01 1.411231676858155652e+03
2.469939879759519386e+01 1.314030006357176717e+03
2.479959919839679827e+01 9.644152089944361705e+02
2.489979959919839558e+01 1.687325896068508428e+03
2.500000000000000000e+01 1.166710680789686648e+03
